 #True Label              Predicted Label
----------------------------------------------------------------
 1         2  ********  0
 2         2  ********  3
 3         1  ********  0
 4         0            0
 5         1  ********  3
 6         0  ********  4
 7         2  ********  3
 8         0            0
 9         1  ********  0
10         0            0
11         0            0
12         0            0
13         1  ********  0
14         0  ********  1
15         2            2
16         0            0
17         3            3
18         0            0
19         2  ********  0
20         4  ********  2
21         2  ********  4
22         0            0
23         0            0
24         0            0
25         1  ********  0
26         0            0
27         2  ********  3
28         2  ********  3
29         1            1
30         0            0
31         3  ********  1
32         1  ********  0
33         1  ********  0
34         2  ********  3
35         3            3
36         1  ********  0
37         0            0
----------------------------------------------------------------
Size of the test dataset: 37
Number of correctly predicted labels: 17
