 #True Label              Predicted Label
----------------------------------------------------------------
 1         2            2
 2         2            2
 3         1  ********  0
 4         0            0
 5         1            1
 6         0            0
 7         2  ********  1
 8         0            0
 9         1            1
10         0            0
11         0            0
12         0            0
13         1            1
14         0            0
15         2  ********  3
16         0            0
17         3            3
18         0            0
19         2            2
20         4            4
21         2            2
22         0            0
23         0            0
24         0            0
25         1  ********  0
26         0            0
27         2            2
28         2            2
29         1            1
30         0            0
31         3            3
32         1            1
33         1            1
34         2            2
35         3            3
36         1            1
37         0            0
----------------------------------------------------------------
Size of the test dataset: 37
Number of correctly predicted labels: 33
